37.7256 79.9008
60.236 54.6115
40.0249 38.2175
33.9792 53.9661
58.9759 52.6816
38.1269 62.7097
66.984 34.2856
73.4921 18.7592
-1.09457 11.7758
40.7761 38.2187
38.0347 40.8892
47.1068 47.7936
32.8983 43.3604
38.2175 40.7134
35.3996 42.8932
29.9806 51.9034
41.9616 41.0648
47.6272 52.1903
59.197 26.0547
26.128 24.1038
62.9429 63.7045
47.7398 32.4076
35.6273 32.3859
46.0666 42.7881
58.0049 68.134
56.1205 50.7118
43.6165 37.2148
46.8079 42.8818
52.9324 35.8499
51.3616 62.8823
39.7893 57.7999
42.7654 18.6066
38.9343 30.9288
28.1558 16.8984
29.1962 48.4217
17.3884 27.6168
44.3264 48.0759
52.4213 16.005
62.9992 51.5903
54.2005 50.1061
55.9074 43.9597
43.3858 54.2927
43.5876 31.9748
49.5883 65.8088
51.1572 40.7848
29.9273 27.1271
42.5534 46.1128
49.2899 48.9099
46.7286 40.924
63.5926 31.6396
41.1106 61.7686
21.741 51.633
57.475 57.6717
65.8088 46.1004
44.9487 19.036
60.2985 57.7012
31.6396 44.501
59.0821 47.3217
27.8469 26.3394
44.1321 50.9951
66.3646 52.4708
55.501 56.5339
57.9439 41.426
20.4088 47.9838
34.2427 55.3524
37.5458 55.6856
48.5245 55.9074
16.8984 61.4485
39.2115 56.4132
27.3386 33.9792
50.7118 43.6895
33.3719 51.656
33.709 60.8032
55.5219 34.1562
46.8187 48.3543
39.3728 77.8787
39.9097 45.2226
38.9023 38.4411
49.1733 41.6058
72.4654 48.1654
39.2261 56.2037
52.2458 47.2417
61.3944 46.8187
24.1038 44.1705
54.9744 85.512
40.7848 51.9757
37.7133 34.1303
36.7812 19.2273
44.572 63.8135
67.6879 40.4634
60.6525 24.9482
53.8933 47.7604
74.0995 46.9568
46.6309 60.6635
36.7641 47.776
59.5167 16.5038
34.5515 57.4952
27.1414 35.0925
61.8206 40.6276
28.3794 52.5869
45.1092 67.6299
51.3078 41.347
52.2355 66.0847
25.9828 44.8509
30.3247 33.1153
50.7035 59.0821
46.4567 42.5534
37.8659 37.723
33.3205 44.2924
72.6684 31.2579
46.9568 37.7256
40.924 83.819
56.5339 46.6904
63.7961 40.8307
39.2021 17.3884
61.4485 38.2074
29.3522 58.1291
32.5979 57.4749
24.5388 22.7258
52.8829 44.4623
68.9031 51.8231
27.8565 64.2716
48.3543 36.4989
46.2317 41.9109
48.3305 42.9369
38.0704 39.1434
63.7748 64.9514
45.8081 47.3834
48.852 53.9652
19.1679 38.159
16.8555 48.1833
68.7258 36.7812
45.0481 30.96
40.1351 52.323
74.2983 39.7043
61.7686 41.2804
44.0961 39.948
59.7124 55.3451
45.096 25.3772
31.5166 47.2275
54.9827 46.1182
48.7816 57.9439
51.1283 36.869
60.3319 14.827
33.3721 34.1993
54.177 48.8778
30.7694 34.0239
34.9706 42.3558
28.3584 27.4584
22.6209 22.131
41.7761 42.436
41.6822 69.6857
35.1407 53.1283
59.4189 42.2789
60.1293 28.4569
56.5399 51.2263
67.7368 67.7368
11.5931 36.7641
35.7493 23.2821
41.6058 43.1372
51.9757 37.0417
41.2804 56.5399
48.6529 28.6516
18.9591 46.1973
29.7605 -1.09457
73.4997 21.741
61.432 44.8412
32.8917 47.7201
35.9547 79.0961
64.5312 61.3247
32.3859 68.5134
62.8823 43.5091
14.8268 55.8264
32.1957 52.6737
30.1329 48.3683
54.7219 51.3347
52.243 29.9273
34.0085 45.4655
46.0343 58.1752
44.0234 33.2306
30.8691 52.2355
16.6745 60.2321
49.2102 74.3774
32.8569 24.4286
29.9633 60.3846
60.627 43.9064
64.2716 36.375
1.84066 74.2983
-2.84203 56.8416
49.3179 74.0905
16.0804 39.2021
45.1075 45.9695
36.7812 56.1205
39.489 57.4764
51.1246 59.5823
43.9053 46.0343
43.6895 53.7769
38.9265 42.7923
28.3687 61.6783
21.2978 19.4569
46.7689 42.8937
38.2187 62.9992
52.4708 60.2985
57.3069 58.1427
51.9239 11.8563
45.0972 59.2373
34.5743 33.9097
8.0553 39.6604
11.4437 43.9053
12.5174 50.0048
30.6531 60.1293
37.2148 15.9894
52.0691 33.7359
41.1464 55.3898
70.9234 53.65
55.116 22.4121
45.4127 24.2452
27.1271 29.9633
53.6654 48.9804
45.9635 60.6037
55.338 51.3785
38.4808 42.6933
48.925 54.2284
44.1705 55.9215
37.0417 54.4937
61.6783 36.1178
44.8509 32.306
30.2343 45.6467
45.2226 53.641
48.8568 69.6064
39.9378 22.8485
29.3911 59.0112
22.4121 16.8999
35.0236 38.4488
12.0389 47.3607
44.9723 30.5086
31.1968 34.9706
44.1433 56.6535
54.2284 60.6525
40.2721 45.2906
48.2329 40.8083
53.65 42.7875
61.1897 53.8924
66.7526 22.4779
40.8984 45.096
48.9099 63.9197
56.5117 25.8122
26.164 64.5562
27.4584 31.8746
49.1115 33.9207
49.4219 30.1329
40.9882 40.7029
55.4385 40.3568
29.8816 75.0965
28.6348 48.2286
40.1893 49.1733
27.6168 55.7736
53.7456 57.737
26.3394 46.8259
58.4409 19.1119
54.2787 57.5305
47.7604 61.4665
36.0885 51.8375
37.0783 35.0152
46.4462 53.8933
14.8012 9.06408
39.7043 35.1407
67.0347 41.947
58.8269 39.836
50.7698 40.2205
4.10874 63.5926
16.5038 36.8134
21.9286 49.3179
40.7134 14.135
43.2457 53.7505
54.7229 48.6167
50.7111 61.432
60.7166 53.6131
45.2906 -2.84203
46.8259 41.1464
33.3305 54.2005
44.501 60.786
46.9279 23.0608
33.1626 32.7716
41.5929 33.5462
65.8249 57.4348
36.7128 65.4566
57.4749 72.4654
56.4132 39.1455
31.4604 52.3668
51.633 60.236
37.723 29.3911
50.1016 40.1893
22.7045 31.046
53.8562 41.4281
48.3791 53.6515
40.4634 31.953
33.7998 48.0604
48.1815 30.7776
74.0905 42.259
47.5503 42.4366
22.8288 16.8555
27.0398 69.3538
9.39465 23.9923
65.1685 63.8005
25.8122 11.1352
53.1283 30.6619
52.6737 60.7166
17.193 58.3262
43.9862 19.1679
51.9034 32.6536
56.595 38.4997
38.5481 28.6348
49.9385 50.7111
36.04 39.0976
42.0127 67.0347
50.4192 41.7167
42.259 41.5929
17.953 44.1321
50.6293 39.794
23.9923 52.243
47.2275 78.4488
43.3919 47.1068
81.1183 58.1481
63.7045 36.3112
55.5532 62.0168
43.1585 67.9381
57.5305 45.9635
57.4348 36.8716
42.2494 47.5968
39.1788 37.0783
31.8746 60.4701
40.585 33.1908
51.0714 47.5503
58.1427 63.2639
31.095 60.627
40.276 41.2166
36.9682 4.37987
36.8526 58.2554
36.8908 30.3247
69.6064 35.2085
42.3029 93.1888
59.0181 46.4184
45.0303 65.4444
51.5903 37.8412
27.3393 45.9695
43.0843 49.2102
69.3682 56.5117
56.148 22.7045
24.9482 48.5946
41.347 33.9925
29.182 63.7112
41.7647 39.7893
31.953 58.4409
23.0608 24.8591
35.2621 34.1898
64.5854 18.9591
43.9597 45.9584
51.1821 59.7014
8.31767 53.6654
26.0547 28.9172
51.7781 32.8983
59.5823 53.4106
63.7112 58.0049
61.8561 73.3955
38.3238 31.2545
19.4569 40.9454
56.2037 55.6937
42.4366 44.0961
54.6982 59.0181
36.3112 21.9286
63.8242 41.8615
56.8416 42.7529
33.7848 48.8066
37.8412 24.9671
52.4249 27.0271
39.272 53.4246
45.5494 55.9101
49.4136 21.3004
42.9463 24.6075
41.5354 28.0938
34.1303 42.2494
28.2981 44.0234
44.2924 19.2141
38.4262 55.5692
32.6536 38.108
55.0661 12.8361
43.5091 66.3646
28.0938 36.9682
33.9207 55.501
62.4322 38.5461
41.0648 44.9487
26.0321 61.0694
20.4164 55.338
26.1445 58.3448
66.9153 46.4567
40.3568 29.1962
44.1737 29.7605
69.5054 47.6903
55.9101 23.322
50.9951 18.2603
46.1128 33.3721
57.7012 59.7851
34.2922 45.4127
49.9272 46.7077
48.6633 31.4842
45.2124 54.5247
34.5125 26.7136
56.6535 20.4088
18.5736 35.2041
36.4596 51.3994
59.9795 31.095
68.3541 10.8303
43.259 44.239
73.6886 35.9547
41.2166 43.0843
65.4444 45.216
10.8303 52.5946
65.8141 55.0049
31.9255 48.852
47.3217 35.6273
36.7802 45.9158
65.0122 52.6509
54.2408 26.3979
44.4578 32.2853
57.3378 57.3378
55.7736 13.1713
57.4952 32.1784
23.0266 55.9127
45.7901 71.1616
28.6516 51.9239
46.9117 17.7779
41.4281 39.489
45.4655 28.4772
49.833 39.3728
36.3593 41.7647
77.5416 34.9912
57.4764 27.1168
63.3351 17.193
43.4324 48.3902
40.6997 40.8059
55.3524 54.432
38.2512 52.9321
49.6536 53.3153
52.6509 27.5246
54.1588 32.7784
38.4568 38.1081
62.0168 77.7847
58.0573 67.6879
61.2986 35.5694
45.7335 52.5982
55.828 48.2329
31.9748 56.0113
34.2045 43.3919
53.4246 32.1654
60.2206 49.0936
35.3275 43.6283
20.3705 48.7816
42.3501 37.2359
59.5416 49.3217
46.5862 13.3149
59.6365 52.0691
37.7401 59.6365
31.018 45.1075
33.9097 66.7526
31.6775 8.0553
24.2452 42.5905
34.0239 31.0316
36.869 38.1269
60.8032 45.7719
65.0301 26.0321
52.8411 20.9241
11.1352 52.8411
36.8134 46.4462
30.7776 49.9272
16.8999 49.1735
53.8924 41.6473
34.3369 44.1433
26.8349 55.116
45.6941 38.4589
28.6357 63.7748
51.656 69.6404
42.0472 44.4578
53.7505 63.3351
35.0152 29.3522
38.4997 37.9693
55.9127 34.2427
60.4701 33.553
25.5822 65.7616
45.9695 68.2266
43.9064 38.2512
58.2554 37.8659
40.7029 50.7035
51.2778 20.1232
43.3604 54.177
49.9917 55.0661
11.8563 40.1351
39.6026 65.8249
55.0049 40.0503
39.0976 26.7553
54.4937 39.5557
51.2263 49.6536
47.7201 39.9378
70.9501 25.6043
37.39 51.8906
38.4411 45.3032
49.6695 63.7961
30.6619 53.7456
52.3931 55.2183
36.364 45.7335
41.7167 44.6224
51.8375 40.8984
57.7999 41.4141
38.5461 56.595
23.7681 36.334
45.2219 17.953
29.7403 22.8288
24.2775 65.8141
32.306 45.5494
36.245 42.6236
54.432 30.8691
15.2597 59.5416
44.4623 55.5547
48.5946 29.4416
62.7097 71.8231
61.4665 30.6531
76.2652 45.4264
45.216 29.1002
45.7719 42.7583
29.2329 47.3266
16.842 28.7985
38.9088 66.3529
40.6783 59.4189
51.8906 13.7516
26.7808 36.3593
62.7737 46.9117
9.06408 45.1092
19.3737 81.1183
25.2154 17.348
45.0487 26.2658
75.5199 53.8562
47.2417 42.0127
26.3979 39.9097
14.135 38.9343
43.1372 27.8565
55.9215 37.0981
23.2821 26.0551
75.0965 67.4317
58.3448 23.6344
13.7516 47.4113
31.0784 26.2881
42.8818 43.6165
33.7359 49.833
49.8508 34.0085
13.3149 31.9255
34.9912 59.5167
55.4086 55.4443
40.9832 39.2115
38.2074 49.4719
50.4228 45.8752
28.3719 58.9759
38.2438 48.3305
55.6937 37.3911
47.6903 18.5036
16.005 36.245
60.4573 52.3931
48.1833 24.9535
54.2769 35.3996
51.1103 21.0918
34.1562 71.1067
65.7616 36.212
32.8518 52.2458
49.0936 33.469
63.6809 31.1625
48.1654 44.2992
74.3774 26.5821
25.5631 29.6338
52.5982 24.7129
52.323 46.0666
69.973 65.9322
37.7741 62.4322
58.3262 49.1115
77.8787 46.9318
42.9369 43.4324
36.375 12.9853
39.1455 28.1558
33.5462 38.5481
51.3994 38.7674
29.7625 68.3541
14.827 62.9429
37.1174 24.5388
35.5694 14.7698
59.5159 64.0598
37.3911 30.2343
21.3004 45.0303
42.2789 58.1463
23.6344 27.0398
60.6635 49.9917
33.469 46.1038
48.9804 46.6309
39.2814 66.4161
39.794 56.6222
18.2603 41.9616
25.2883 20.4164
40.2205 36.7882
67.6299 36.3577
71.1067 48.8568
42.7875 66.7699
36.7882 41.3455
22.1254 51.0714
43.0137 38.3238
44.8412 58.3176
63.2639 45.8081
68.2266 61.3944
22.7258 49.8554
56.0113 54.2787
48.0536 37.7741
24.9671 60.7519
48.3378 27.0245
49.1735 51.3078
52.5869 29.9058
54.6115 58.0573
29.6338 31.8029
68.5134 31.5166
73.3955 55.828
37.2359 39.8518
27.5985 29.2329
47.3607 37.9672
54.2927 25.5631
42.6236 38.7011
59.7851 54.6163
47.4113 48.6529
55.4443 25.5822
65.9322 40.9484
53.9661 53.5773
50.7471 47.0044
38.1081 54.2769
42.8932 30.6535
30.1025 33.3205
47.3266 44.3264
39.6324 36.4596
53.6515 39.8422
61.5655 36.8908
58.1463 59.197
36.1178 46.532
34.1993 31.1892
41.3455 65.1685
56.5659 27.9365
27.5485 43.3135
42.5823 34.3369
68.4091 23.7681
42.7923 31.1968
35.6772 42.8477
66.4452 34.9868
33.553 25.9828
61.0694 70.9501
28.9172 49.9385
37.0055 31.7805
39.8518 48.4015
18.6066 69.973
55.2183 28.6357
47.9838 35.2621
41.9109 31.018
71.2255 36.4378
44.9929 16.0804
12.9853 28.3687
44.5055 40.585
43.6283 44.9723
66.7699 37.7401
48.2286 61.8561
67.4317 63.7757
45.9158 40.9832
45.6467 43.3858
18.7592 50.7471
53.631 39.2814
69.3538 59.7569
34.0935 45.0487
35.45 14.8012
57.0642 32.1115
39.836 51.0259
26.2658 63.8242
35.5275 37.0055
24.7129 22.0658
24.6075 65.1674
60.2321 51.1283
34.0298 36.7802
22.2984 67.2269
48.3902 32.5979
79.0961 34.0298
56.1307 34.0935
38.8665 44.8684
44.6224 49.4136
47.5968 40.7908
58.1291 53.9874
66.4161 50.4228
37.0981 50.4945
49.5136 68.9031
30.5086 16.6745
51.8231 37.7133
26.2881 34.5089
21.0918 47.9789
29.0578 40.0249
57.4552 27.3386
42.6933 35.7493
11.0929 38.9265
39.8422 65.0122
45.4532 66.984
46.6904 61.1897
52.7295 38.9023
54.6163 19.3737
53.7769 33.709
59.2373 20.3705
29.1002 57.2614
31.0856 40.6748
59.0112 51.1821
44.239 52.4213
42.8937 35.6772
11.7758 48.5245
37.9693 57.1301
27.1168 57.7754
53.9874 26.128
35.0556 38.0704
36.212 35.45
67.2269 41.1106
31.2545 42.3501
45.752 73.6886
24.2608 29.7625
36.2247 54.7229
41.426 22.1254
53.6131 25.2883
28.2816 52.7999
32.2853 66.1282
40.8083 28.3584
38.108 51.3585
36.4989 71.4174
49.1708 31.8527
78.4488 48.6633
45.9584 39.1788
38.159 34.5743
45.3032 27.3393
62.5006 37.5458
42.8477 29.7398
36.2973 51.2778
41.9819 33.7848
19.2273 40.6997
22.0658 73.4997
28.4569 45.6941
63.8135 48.3791
42.7583 45.7901
30.6866 34.5515
46.1973 57.475
48.4015 35.0556
41.6473 32.8569
31.1892 33.9408
29.7398 17.9681
53.4106 44.5055
24.4286 43.2457
83.819 26.164
40.6276 57.0642
24.9535 55.4385
69.6404 42.3029
55.8264 45.0833
48.0759 54.7219
31.2579 35.7009
48.3683 40.2721
49.8554 54.9827
48.0604 46.5862
17.7779 43.061
63.3831 53.631
52.7999 60.3319
36.7757 32.8917
22.4779 72.3746
45.4264 68.2888
48.8955 33.6337
28.8443 45.2037
26.7553 43.1585
13.1713 34.1993
39.5705 34.3173
41.6315 21.2978
32.1115 50.6293
77.7847 41.5354
57.1301 33.3719
39.1434 68.7258
26.0551 25.2154
31.1625 45.2219
44.8684 63.3831
34.9868 71.2255
50.4945 46.6584
27.5246 40.276
53.3153 61.8206
71.8231 77.5416
50.0048 28.3719
45.3215 29.9806
46.532 30.6866
63.7757 56.5659
49.4719 38.0347
48.8778 37.39
55.3898 30.8864
33.6337 49.2899
4.37987 46.2317
47.3834 48.8051
34.1993 69.5054
59.8875 36.7128
54.5247 46.5769
38.4488 64.7686
40.8059 31.6775
41.8615 25.0864
45.9695 54.1588
57.2278 59.7124
45.0833 41.6822
65.1674 65.0301
46.1182 54.6982
35.0925 39.6324
71.4174 32.8518
50.1061 34.2045
53.9652 46.0854
64.7686 50.549
46.0854 45.0972
30.96 63.6809
47.9789 41.8555
33.7098 49.1708
17.9681 60.4573
45.2558 11.5931
42.4744 28.5691
59.7014 52.7295
30.9288 40.6783
40.7908 47.7398
64.5562 54.2408
57.6717 64.5854
49.3217 11.4437
34.1898 37.1174
57.2614 58.2029
58.2029 75.5199
33.2306 26.5508
22.8485 29.4153
46.9318 38.4568
43.061 48.3378
26.9391 24.9332
60.786 45.3215
40.8307 72.6684
43.3135 35.5533
49.538 51.1103
63.9197 70.9234
55.3451 15.2597
39.8061 26.8349
65.4566 56.1307
27.0271 49.6789
25.0864 36.04
93.1888 22.0684
52.6816 39.272
42.5905 69.3682
74.8116 52.8829
45.8752 46.8079
19.2141 51.7781
47.7936 29.0578
25.3772 39.8061
55.5692 4.10874
40.6748 29.8816
54.4391 16.842
50.549 41.7761
17.348 42.9463
39.6604 44.9929
55.5547 12.0389
41.4141 26.7808
51.3785 59.9795
51.0259 49.8508
40.9454 33.7998
63.8005 28.8443
40.0503 32.1957
68.2888 49.538
22.0684 27.5985
29.4153 38.4262
79.9008 48.8955
33.1908 44.572
31.0316 35.5275
41.947 9.39465
48.8066 38.4808
31.4842 33.3305
26.7136 45.0481
19.1119 51.1572
28.7985 34.5125
35.8499 33.7098
36.8716 46.7286
69.6857 38.2438
60.3846 59.5159
38.4589 28.2816
34.5089 36.0885
52.1903 45.4532
32.4076 26.1445
35.2041 24.2775
42.7529 66.9153
70.5772 8.31767
71.1616 34.2922
36.4378 24.2608
55.3687 39.5705
36.3577 40.9882
31.046 73.4921
66.3529 51.1246
64.0598 42.5823
52.9321 18.5736
24.9332 23.0266
39.5557 46.7689
36.334 37.8311
68.134 43.9862
55.6856 50.4192
66.1282 44.1737
12.8361 41.9819
66.0847 50.7455
38.2822 28.3794
31.7805 60.2206
22.131 27.8469
31.8527 36.364
32.1784 42.7654
52.5946 36.2973
58.8353 27.5485
23.4842 36.7757
40.8892 31.4113
29.4416 50.1016
30.8864 27.0174
48.4217 14.8268
46.1004 26.9391
53.641 46.9279
32.1654 74.0995
27.0174 51.3616
48.6167 38.8665
51.3585 57.4552
33.9925 40.7761
31.4113 36.8526
24.8591 62.5006
49.6789 47.6272
35.2085 49.4219
30.6535 58.8353
46.5769 43.5876
42.7881 39.2261
72.3746 68.4091
28.4772 48.0536
59.7569 70.5772
55.3747 33.1626
57.7754 27.1414
57.737 39.6026
25.6043 49.5136
53.5773 29.7403
39.948 36.2247
27.9365 42.4744
27.0245 43.0137
47.776 1.84066
42.436 36.7812
44.0753 29.182
29.9058 30.7694
60.7519 50.7698
18.5036 38.9987
44.2992 49.5883
58.1752 45.2558
26.5508 38.2822
20.9241 54.4391
31.8029 23.4842
60.6037 35.0236
56.6222 31.0784
28.5691 58.8269
58.1481 31.0856
38.7674 38.9088
47.0044 55.4086
64.9514 54.9744
37.8311 74.8116
46.4184 61.5655
40.9484 55.5219
26.5821 61.2986
46.1038 55.3747
51.3347 57.3069
61.3247 50.0041
32.7784 66.4452
33.1153 52.9324
34.3173 64.5312
38.7011 45.752
20.1232 62.7737
33.9408 52.4335
41.8555 57.2278
14.7698 22.2984
34.2856 41.6315
52.4335 35.3275
52.3668 12.5174
50.7455 59.8875
50.0041 44.0753
15.9894 42.0472
35.7009 48.1815
35.5533 55.3687
67.9381 43.259
46.6584 30.1025
45.2037 48.925
19.036 55.5532
85.512 11.0929
23.322 45.2124
32.7716 76.2652
46.7077 56.148
31.6405 52.4249
42.3558 22.6209
58.3176 31.6405
48.8051 49.6695
37.9672 31.4604
38.9987 28.2981
